V 54
K 1
D 0 -762000 2032000 0
Y 1
U 1651000 762000 254000 0 2 3 REFDES=CN?
U 1651000 508000 254000 0 2 3 DEVICE=W2A45C103MAT2A
U 1651000 254000 254000 0 2 0 PKG_TYPE=W2A45C103MAT2A
U 1651000 0 254000 0 2 0 Description=Capacitor Arrays & Networks 50V 0.01uF 20% 4cap X7R
U 1651000 -254000 254000 0 2 0 Datasheet Link=https://static6.arrow.com/aropdfconversion/45e297553e8a3b18fcd0ed38f532e52a09efc12d/caparray.pdf
U 1651000 -508000 254000 0 2 0 Height=0.94
U 1651000 -762000 254000 0 2 0 Manufacturer_Name=Kyocera AVX
U 1651000 -1016000 254000 0 2 0 Manufacturer_Part_Number=W2A45C103MAT2A
U 1651000 -1270000 254000 0 2 0 Mouser Part Number=581-W2A45C103MAT2A
U 1651000 -1524000 254000 0 2 0 Mouser Price/Stock=https://www.mouser.co.uk/ProductDetail/AVX/W2A45C103MAT2A?qs=yRKuMHbOG1qe0RwRtAbZEg%3D%3D
U 1651000 -1778000 254000 0 2 0 Arrow Part Number=W2A45C103MAT2A
U 1651000 -2032000 254000 0 2 0 Arrow Price/Stock=https://www.arrow.com/en/products/w2a45c103mat2a/avx
U 0 0 254000 0 1 0 FORWARD_PCB=1
l 5 508000 254000 1524000 254000 1524000 -1016000 508000 -1016000 508000 254000
|GRPHSTL -1 -1 -1 1
P 1 0 0 508000 0 0 2 0
L 584200 0 228600 0 2 0 1 0 1
A 355600 50800 203200 0 9 3 #=1
A 0 0 9 0 3 0 PINTYPE=BI
P 2 0 -254000 508000 -254000 0 2 0
L 584200 -254000 228600 0 2 0 1 0 2
A 355600 -203200 203200 0 9 3 #=2
A 0 0 9 0 3 0 PINTYPE=BI
P 3 0 -508000 508000 -508000 0 2 0
L 584200 -508000 228600 0 2 0 1 0 3
A 355600 -457200 203200 0 9 3 #=3
A 0 0 9 0 3 0 PINTYPE=BI
P 4 0 -762000 508000 -762000 0 2 0
L 584200 -762000 228600 0 2 0 1 0 4
A 355600 -711200 203200 0 9 3 #=4
A 0 0 9 0 3 0 PINTYPE=BI
P 5 2032000 -762000 1524000 -762000 0 3 0
L 1447800 -762000 228600 0 8 0 1 0 5
A 1676400 -711200 203200 0 3 3 #=5
A 0 0 9 0 3 0 PINTYPE=BI
P 6 2032000 -508000 1524000 -508000 0 3 0
L 1447800 -508000 228600 0 8 0 1 0 6
A 1676400 -457200 203200 0 3 3 #=6
A 0 0 9 0 3 0 PINTYPE=BI
P 7 2032000 -254000 1524000 -254000 0 3 0
L 1447800 -254000 228600 0 8 0 1 0 7
A 1676400 -203200 203200 0 3 3 #=7
A 0 0 9 0 3 0 PINTYPE=BI
P 8 2032000 0 1524000 0 0 3 0
L 1447800 0 228600 0 8 0 1 0 8
A 1676400 50800 203200 0 3 3 #=8
A 0 0 9 0 3 0 PINTYPE=BI
E
